0.000000000
0.000000000
0.000000000
0.000000000
0.000153947
0.000046742
0.000293711
0.000000000
0.000000000
0.000000000
0.000000000
0.000000000
0.000000000
0.000000000
0.000033247
0.000025081
-0.006994022
0.000000000
-0.000700004
0.000003239
0.000000000
0.000000000
0.000107784
0.000062125
0.000110951
0.000084667
0.000571775
0.000000000
0.000004026
0.000017109
0.000000000
0.000000000
0.000121259
0.000309901
0.000169725
0.000122231
0.001484834
0.000000000
0.000101209
0.000086366
0.000000000
0.000000000
-0.005000129
0.001163815
0.000042532
0.000097986
0.000398983
0.000000000
-0.000699998
0.000518312
0.000000000
0.000000000
-0.004064432
0.000066116
0.000010693
0.000049350
0.000272291
0.000000000
0.000156481
0.003523424
0.000000000
0.000000000
0.000146438
0.000015293
0.000005074
0.000042743
0.000127207
0.000000000
0.000000000
-0.000700065
-0.001400160
0.001193355
0.000053102
0.000006915
0.000003223
0.000053902
0.000139442
0.000467837
-0.004999986
-0.000699928
-0.001400046
0.000563477
0.000011922
0.000004425
0.000003851
0.000095529
0.000557545
0.000336421
-0.004721199
-0.000692389
-0.004996554
0.000383307
0.000016472
0.000007582
0.000010249
0.000090697
0.000252018
0.000596165
0.001009498
-0.001999996
-0.005004571
0.002176969
0.000046121
0.000025662
0.000017914
0.000027467
0.000041263
0.000088701
0.000236905
0.000929972
0.000000000
0.001431956
0.000302475
0.000089094
0.000319339
0.000032565
0.000035007
0.000088776
0.000153339
0.001449754
0.000000000
0.000796047
0.000035921
0.000075943
0.000089974
0.000062276
0.000121838
-0.006754175
0.002502406
0.000245322
0.000000000
-0.006993542
0.000139749
0.000011532
0.000029903
0.000032436
0.000021091
0.000056972
0.000256328
0.000555205
0.000000000
0.000000000
-0.003900164
0.000134306
0.000010496
0.000021304
0.000026614
0.000060091
0.000120418
0.000974879
0.000000000
0.000000000
0.000000000
0.002807665
0.000122804
0.000029160
0.000034727
0.000038714
0.000199953
0.000190914
0.000000000
0.000000000
0.000000000
0.000000000
0.000327436
0.000055783
0.000282108
0.000030406
0.000096091
0.000162558
0.000000000
0.000000000
0.000000000
0.000008985
0.000926488
0.000563775
0.000293270
0.000026570
0.000069969
0.000140436